image_width: 640
image_height: 480
camera_matrix:
  rows: 3
  cols: 3
  data:
  - 575.7888164214925
  - 0.0
  - 320.0673113982821
  - 0.0
  - 578.5664528632778
  - 248.77648522510222
  - 0.0
  - 0.0
  - 1.0
distortion_coefficients:
  rows: 1
  cols: 5
  data:
  - 0.15194899199977532
  - 0.06604848130833434
  - -0.024868973702217658
  - -0.004839255601599459
  - -1.0985977564712777
reprojection_error: 0.6516088126151413
